TRANSPORT
AR           0   136.500   3.330   0.0   0.0    0.0 
HE           0    10.200   2.576   0.0   0.0    0.0 
H            0   145.000   2.050   0.0   0.0    0.0
H2           1    38.000   2.920   0.0   0.79 280.0
O            0    80.000   2.750   0.0   0.0    0.0
O2           1   107.400   3.458   0.0   1.6    3.8
OH           1    80.000   2.750   0.0   0.0    0.0
H2O          2   572.400   2.605   1.844 0.0    4.0
N2           1   97.5300   3.621   0.0   1.76   4.0
HO2          2   107.400   3.458   0.0   0.0    1.0
H2O2         2   107.400   3.458   0.0   0.0    3.8
CO           1    98.100   3.650   0.0   1.95   1.8
CO2          1   244.000   3.763   0.0   2.65   2.1
CH2O         2   498.000   3.590   0.0   0.0    2.0
HCO          2   498.000   3.590   0.0   0.0    0.0
CH3OH        2   481.800   3.626   0.0   0.0    1.0
CH2OH        2   417.000   3.690   1.7   0.0    2.0
CH3O         2   417.000   3.690   1.7   0.0    2.0
CH3O2        2   481.800   3.626   0.0   0.0    1.0
CH4          2   141.400   3.746   0.0   2.6   13.0
CH3          1   144.000   3.800   0.0   0.0    0.0
CH2          1   144.000   3.800   0.0   0.0    0.0
CH2(S)       1   144.000   3.800   0.0   0.0    0.0
C2H6         2   247.500   4.350   0.0   0.0    1.5
C2H5         2   247.500   4.350   0.0   0.0    1.5
C2H4         2   238.400   3.496   0.0   0.0    1.5
C2H3         2   265.300   3.721   0.0   0.0    1.0
C2H2         1   265.300   3.721   0.0   0.0    2.5
C2H5O2       2   470.600   4.410   0.0   0.0    1.5
CH2CHO       2   436.000   3.970   0.0   0.0    2.0
CH2CO        2   436.000   3.970   0.0   0.0    2.0
HCCO         2   150.000   2.500   0.0   0.0    1.0
NC3H7        2   303.400   4.810   0.0   0.0    1.0
C3H6         2   307.800   4.140   0.0   0.0    1.0
C3H5-A       2   316.000   4.220   0.0   0.0    1.0
C3H4-A       1   324.800   4.290   0.0   0.0    1.0
C3H5O        2   411.000   4.820   0.0   0.0    1.0
NC3H7O2      2   481.500   4.997   1.7   0.0    1.0
C2H3CHO      2   428.800   4.958   2.9   0.0    1.0 
NC5H12       2   391.700   5.591   0.0   0.0    1.0
C5H11        2   523.200   5.664   1.7   0.0    1.0
C5H11O2      2   523.200   5.664   1.7   0.0    1.0
C5H10OOH     2   523.200   5.664   1.7   0.0    1.0
C5H10        2   396.800   5.458   0.0   0.0    1.0
C5H10OOHO2   2   523.200   5.664   1.7   0.0    1.0
NC5KET       2   494.800   6.174   1.8   0.0    1.0
C5H10O       2   523.200   5.664   1.7   0.0    1.0
CH3CHO       2   436.000   3.970   0.0   0.0    2.0
NC6H14       2   427.400   5.946   0.0   0.0    1.0 
C6H13        2   489.224   5.349   0.0   0.0    0.0    
C6H13O2      2   588.653   5.943   0.0   0.0    0.0    
C6H12        2   485.880  10.310   0.0   0.0    1.0
C6H12OOH     2   588.653   5.943   0.0   0.0    0.0	
C6H12OOHO2   2   677.149   6.436   0.0   0.0    0.0	
NC6KET       2   541.500   5.674   1.8   0.0    1.0	
C6H12O       2   537.467   5.643   0.0   0.0    0.0     
C2H5CHO      2   435.200   4.662   2.7   0.0    1.0
NC7H16       2   459.600   6.253   0.0   0.0    1.0 
C7H15        2   459.600   6.253   0.0   0.0    1.0 
C7H15O2      2   561.000   6.317   1.7   0.0    1.0  
C7H14OOH     2   561.000   6.317   1.7   0.0    1.0    
C7H14        2   457.800   6.173   0.3   0.0    1.0   
C7H14OOHO2   2   600.600   7.229   1.8   0.0    1.0    
NC7KET       2   581.300   6.506   2.0   0.0    1.0  
C7H14O       2   511.500   6.297   0.0   0.0    1.0 
NC3H7CHO     2   464.200   5.009   2.6   0.0    1.0  
NC8H18       2   612.840   6.270   0.0  15.9    1.0
C8H17        2   612.840   6.270   0.0  15.9    1.0
C8H17O2      2   666.706  10.310   0.0   0.0    1.0
C8H16OOH     2   666.706  10.310   0.0   0.0    1.0
C8H16OOHO2   2   748.335  10.310   0.0   0.0    1.0
NC8KET       2   705.795  10.310   0.0   0.0    1.0
C8H16        2   574.115   5.964   0.0  25.84   1.0
C8H16O       2   620.259  10.310   0.0   0.0    1.0
NC4H9CHO     2   476.000   5.778   2.6   0.0    1.0     
NC9H20       2   620.371   6.206   0.0  32.05   1.0
C9H19        2   617.533   6.191   0.0  30.54   1.0
C9H19O2      2   703.339  10.310   0.0   0.0    1.0
C9H18OOHO2   2   782.145  10.310   0.0   0.0    1.0
C9H18OOH     2   703.339  10.310   0.0   0.0    1.0
C9H18        2   614.686  10.310   0.0   0.0    1.0
NC9KET       2   741.011  10.310   0.0   0.0    1.0
C9H18O       2   658.736  10.310   0.0   0.0    1.0
NC5H11CHO    2   498.600   6.009   2.0   0.0    1.0 
NC10H22      2   658.870   6.400   0.0  35.24   1.0
C10H21       2   656.154   6.387   0.0  33.73   1.0
C10H21O2     2   738.640  10.310   0.0   0.0    1.0
C10H20OOH    2   738.640  10.310   0.0   0.0    1.0
C10H20       2   653.429   6.373   0.0  32.22   1.0
C10H20OOHO2  2   814.929  10.310   0.0   0.0    1.0
NC10KET      2   775.054  10.310   0.0   0.0    1.0
C10H20O      2   695.675  10.310   0.0   0.0    1.0
NC6H13CHO    2   579.940  10.310   0.0   0.0    1.0
NC11H24      2   754.200   6.800   0.0  21.03   1.0      
C11H23       2   754.200   6.800   0.0  21.03   1.0       
C11H23O2     2   772.735  10.310   0.0   0.0    1.0
C11H22OOH    2   772.735  10.310   0.0   0.0    1.0
C11H22OOHO2  2   846.762  10.310   0.0   0.0    1.0
C11H22       2   690.575   6.556   0.0  35.41   1.0
NC11KET      2   808.047  10.310   0.0   0.0    1.0
C11H22O      2   731.246  10.310   0.0   0.0    1.0
NC7H15CHO    2   620.259  10.310   0.0   0.0    1.0
NC12H26      2   789.160   7.060   0.0  22.75   1.0      
C12H25       2   789.160   7.060   0.0  22.75   1.0     
C12H25O2     2   805.797  10.310   0.0   0.0    1.0
C12H24OOH    2   805.797  10.310   0.0   0.0    1.0
C12H24       2   726.328   6.728   0.0  38.6    1.0
C12H24OOHO2  2   877.772  10.310   0.0   0.0    1.0
NC12KET      2   840.068  10.310   0.0   0.0    1.0
C12H24O      2   765.580  10.310   0.0   0.0    1.0
NC8H17CHO    2   658.736  10.310   0.0   0.0    1.0
NC13H28      2   826.520   7.270   0.0  24.71   1.0     
C13H27       2   826.520   7.270   0.0  24.71   1.0      
C13H27O2     2   837.905  10.310   0.0   0.0    1.0
C13H26OOH    2   837.905  10.310   0.0   0.0    1.0
C13H26OOHO2  2   908.008  10.310   0.0   0.0    1.0
C13H26       2   844.400   7.101   0.0  24.37   1.0 
NC13KET      2   871.252  10.310   0.0   0.0    1.0
C13H26O      2   798.858  10.310   0.0   0.0    1.0
NC9H19CHO    2   695.675  10.310   0.0   0.0    1.0
NC14H30      2   857.180   7.480   0.0  26.56   1.0     
C14H29       2   857.180   7.480   0.0  26.56   1.0
C14H29O2     2   869.145  10.310   0.0   0.0    1.0
C14H28OOH    2   869.145  10.310   0.0   0.0    1.0
C14H28OOHO2  2   937.512  10.310   0.0   0.0    1.0
C14H28       2   878.890   7.320   0.0  26.22   1.0 
NC14KET      2   901.647  10.310   0.0   0.0    1.0
C14H28O      2   831.160  10.310   0.0   0.0    1.0
NC10H21CHO   2   731.245  10.310   0.0   0.0    1.0
NC15H32      2   904.870   7.580   0.0  28.41   1.0      
C15H31       2   904.870   7.580   0.0  28.41   1.0       
C15H31O2     2   899.570  10.310   0.0   0.0    1.0
C15H30OOH    2   899.570  10.310   0.0   0.0    1.0
C15H30OOHO2  2   966.378  10.310   0.0   0.0    1.0
C15H30       2   925.020   7.380   0.0  28.07   1.0 
NC15KET      2   931.297  10.310   0.0   0.0    1.0
C15H30O      2   862.577  10.310   0.0   0.0    1.0
NC11H23CHO   2   765.580  10.310   0.0   0.0    1.0
NC16H34      2   938.920   7.730   0.0  30.26   1.0      
C16H33       2   938.920   7.730   0.0  30.26   1.0        
C16H33O2     2   929.289  10.310   0.0   0.0    1.0
C16H32OOH    2   929.289  10.310   0.0   0.0    1.0
C16H32OOHO2  2   994.632  10.310   0.0   0.0    1.0
C16H32       2   943.770   7.700   0.0  29.92   1.0 
NC16KET      2   960.299  10.310   0.0   0.0    1.0
C16H32O      2   893.166  10.310   0.0   0.0    1.0
NC12H25CHO   2   798.857  10.310   0.0   0.0    1.0
NC17H36      2   966.830   7.870   0.0  32.11   1.0       
C17H35       2   966.830   7.870   0.0  32.11   1.0        
C17H34       2   996.690   7.700   0 0  31.77   1.0 
C17H35O2     2   958.335  10.310   0.0   0.0    1.0
C17H34OOH    2   958.335  10.310   0.0   0.0    1.0
C17H34OOHO2  2  1022.317  10.310   0.0   0.0    1.0
C17H34O      2   923.034  10.310   0.0   0.0    1.0
NC17KET      2   988.680  10.310   0.0   0.0    1.0
NC13H27CHO   2   831.160  10.310   0.0   0.0    1.0
NC18H38      2  1030.940   7.850   0.0  33.96   1.0   
C18H37       2  1030.940   7.850   0.0  33.96   1.0   
C18H36       2  1051.920   7.710   0.0  33.62   1.0 
C18H37O2     2   986.737  10.310   0.0   0.0    1.0
C18H36OOH    2   986.737  10.310   0.0   0.0    1.0
C18H36OOHO2  2  1049.451  10.310   0.0   0.0    1.0
C18H36O      2   952.219  10.310   0.0   0.0    1.0
NC18KET      2  1016.483  10.310   0.0   0.0    1.0
NC14H29CHO   2   862.577  10.310   0.0   0.0    1.0
NC19H40      2  1047.050   8.150   0.0  35.81   1.0       
C19H39       2  1047.050   8.150   0.0  35.81   1.0      
C19H38       2  1059.870   7.980   0.0  35.47   1.0   
C19H39O2     2  1014.578  10.310   0.0   0.0    1.0
C19H38OOH    2  1014.578  10.310   0.0   0.0    1.0
C19H38OOHO2  2  1076.104  10.310   0.0   0.0    1.0
C19H38O      2   980.750  10.310   0.0   0.0    1.0
NC19KET      2  1043.726  10.310   0.0   0.0    1.0
NC15H31CHO   2   893.166  10.310   0.0   0.0    1.0
NC20H42      2  1065.700   8.390   0.0  37.66   1.0        
C20H41       2  1065.700   8.390   0.0  37.66   1.0       
C20H41O2     2  1041.877  10.310   0.0   0.0    1.0
C20H40OOH    2  1041.877  10.310   0.0   0.0    1.0
C20H40       2  1064.480   8.280   0.0  37.32   1.0    
C20H40OOHO2  2  1102.288  10.310   0.0   0.0    1.0
NC20KET      2  1070.483  10.310   0.0   0.0    1.0
C20H40O      2  1008.711  10.310   0.0   0.0    1.0
NC16H33CHO   2   923.034  10.310   0.0   0.0    1.0
NC16H33CO    2   920.908  10.310   0.0   0.0    1.0
NC15H31CO    2   890.988  10.310   0.0   0.0    1.0
NC14H29CO    2   860.343  10.310   0.0   0.0    1.0
NC13H27CO    2   828.865  10.310   0.0   0.0    1.0
NC12H25CO    2   796.495  10.310   0.0   0.0    1.0
NC11H23CO    2   763.168  10.310   0.0   0.0    1.0
NC10H21CO    2   728.727  10.310   0.0   0.0    1.0
NC9H19CO     2   693.064  10.310   0.0   0.0    1.0
NC8H17CO     2   656.045  10.310   0.0   0.0    1.0
NC7H15CO     2   617.420  10.310   0.0   0.0    1.0
NC6H13CO     2   576.959  10.310   0.0   0.0    1.0
NC5H11CO     2   498.600   6.009   2.0   0.0    1.0
NC4H9CO      2   489.100   5.494   0.0  15.81   1.0
NC3H7CO      2   440.598   5.208   0.0  12.62   1.0
C2H5CO       2   424.600   4.820   0.0   0.0    1.0
CH3CO        2   436.000   3.970   0.0   0.0    2.0
END
